standalone_tags:
- id: 0
  name: tag01
  qw: 0.496552335827472
  qx: 0.5031043202998122
  qy: 0.5016326777599868
  qz: -0.49868474739387286
  size: 0.8
  x: 0.06966787598510285
  y: 3.545644146622064
  z: 0.7671298894104502
- id: 1
  name: tag03
  size: 0.8
tag_bundles: []
