standalone_tags:
- id: 0
  name: tag01
  qw: 0.4965995935519389
  qx: 0.503063618407238
  qy: 0.5015853225386621
  qz: -0.49872638162909755
  size: 0.8
  x: 0.045247419898054475
  y: 3.5651277570062714
  z: 0.7670438716845228
- id: 1
  name: tag03
  size: 0.8
tag_bundles: []
